Accuracy: 0.8542275286845337

Classification Report:
              precision    recall  f1-score   support

           0       0.89      0.97      0.93       157
           1       0.35      0.58      0.44       164
           2       0.54      0.41      0.46       148
           3       0.92      0.87      0.89       160
           4       0.91      0.99      0.95       164
           5       0.63      0.83      0.72       161
           6       0.84      1.00      0.91       164
           7       0.43      0.66      0.52       152
           8       0.67      0.87      0.76       164
           9       0.66      0.77      0.71       164
          10       0.43      0.30      0.35       144
          11       1.00      1.00      1.00       166
          12       0.42      0.42      0.42       164
          13       1.00      1.00      1.00       219
          14       0.91      0.98      0.94       234
          15       1.00      0.88      0.94       164
          16       0.52      0.64      0.57       143
          17       1.00      1.00      1.00       166
          18       0.99      1.00      1.00       166
          19       1.00      1.00      1.00       152
          20       0.88      0.77      0.82       166
          21       0.98      0.35      0.51       150
          22       0.99      0.97      0.98       154
          23       1.00      1.00      1.00        47
          24       0.68      0.90      0.78       166
          25       1.00      0.98      0.99       164
          26       0.98      0.99      0.99       164
          27       0.99      0.95      0.97       166
          28       1.00      1.00      1.00        50
          29       1.00      0.97      0.98       234
          30       1.00      1.00      1.00       164
          31       1.00      1.00      1.00       246
          32       1.00      0.99      0.99       246
          33       1.00      1.00      1.00       164
          34       1.00      1.00      1.00       164
          35       1.00      1.00      1.00       164
          36       0.62      0.87      0.73       153
          37       1.00      0.93      0.96       166
          38       0.99      0.94      0.96       166
          39       1.00      0.33      0.50       150
          40       1.00      0.51      0.67       154
          41       1.00      1.00      1.00        50
          42       0.93      1.00      0.96        81
          43       0.61      0.68      0.64       130
          44       1.00      0.56      0.72       156
          45       1.00      1.00      1.00       166
          46       1.00      0.51      0.67       156
          47       1.00      1.00      1.00        80
          48       0.97      0.76      0.85       234
          49       0.98      0.62      0.76        99
          50       0.95      1.00      0.98       166
          51       0.99      1.00      0.99       328
          52       0.85      0.87      0.86       164
          53       1.00      1.00      1.00       166
          54       1.00      0.99      1.00       166
          55       1.00      0.89      0.94       164
          56       1.00      0.93      0.96       158
          57       1.00      1.00      1.00       166
          58       1.00      0.98      0.99       164
          59       1.00      0.99      1.00       166
          60       0.90      1.00      0.95       157
          61       1.00      1.00      1.00       166
          62       1.00      1.00      1.00       166
          63       0.88      1.00      0.94       156
          64       0.97      0.85      0.91       157
          65       1.00      0.99      1.00       166
          66       0.67      1.00      0.80       164
          67       1.00      1.00      1.00       166
          68       0.95      1.00      0.97       166
          69       1.00      1.00      1.00       166
          70       1.00      1.00      1.00       166
          71       0.90      0.89      0.89       166
          72       0.53      0.47      0.50       142
          73       0.94      1.00      0.97       102
          74       1.00      0.94      0.97       166
          75       0.88      0.86      0.87       246
          76       1.00      1.00      1.00       164
          77       0.01      0.01      0.01       164
          78       1.00      1.00      1.00       160
          79       1.00      1.00      1.00       218
          80       0.09      0.09      0.09       178
          81       0.38      0.61      0.47       150
          82       0.93      0.99      0.96       155
          83       0.83      0.88      0.85       146
          84       1.00      1.00      1.00       160
          85       0.85      1.00      0.92       164
          86       1.00      1.00      1.00       166
          87       0.37      0.60      0.46       164
          88       1.00      1.00      1.00       246
          89       0.53      0.51      0.52       164
          90       0.86      0.82      0.84       164
          91       0.53      0.19      0.28       232
          92       1.00      1.00      1.00        72
          93       0.59      0.73      0.65       166
          94       0.87      0.98      0.92       234
          95       1.00      1.00      1.00       102
          96       1.00      0.96      0.98       166
          97       0.65      0.45      0.53       222
          98       0.76      0.96      0.85       237
          99       0.43      0.46      0.45       166
         100       0.64      0.83      0.72       166
         101       0.66      1.00      0.80       148
         102       1.00      1.00      1.00       234
         103       0.72      0.93      0.81       222
         104       1.00      0.89      0.94       222
         105       1.00      0.96      0.98       164
         106       0.66      0.98      0.79       164
         107       0.88      0.95      0.91       166
         108       1.00      0.87      0.93       163
         109       1.00      1.00      1.00       166
         110       1.00      0.79      0.89       151
         111       1.00      1.00      1.00       142
         112       0.82      0.78      0.80       304
         113       0.33      0.29      0.31       164
         114       1.00      1.00      1.00       153
         115       0.46      0.32      0.38       150
         116       0.42      0.46      0.44       151
         117       0.71      0.33      0.45       150
         118       0.99      0.91      0.95       150
         119       1.00      1.00      1.00       166
         120       1.00      1.00      1.00       164
         121       1.00      1.00      1.00       166
         122       1.00      1.00      1.00       164
         123       0.98      1.00      0.99       162
         124       0.80      1.00      0.89       164
         125       0.68      0.49      0.57       246
         126       1.00      0.97      0.98       166
         127       1.00      1.00      1.00       166
         128       0.98      1.00      0.99       246
         129       1.00      1.00      1.00       225
         130       1.00      0.98      0.99       246
         131       1.00      1.00      1.00       160
         132       1.00      1.00      1.00       164
         133       0.96      0.68      0.80       228
         134       1.00      1.00      1.00       127
         135       1.00      1.00      1.00       153
         136       0.51      0.59      0.55       158
         137       1.00      1.00      1.00       249
         138       0.93      0.96      0.94       157
         139       1.00      1.00      1.00        80
         140       1.00      0.93      0.96        80

    accuracy                           0.85     23619
   macro avg       0.86      0.85      0.85     23619
weighted avg       0.86      0.85      0.85     23619

Confusion Matrix:
[[152   0   0 ...   0   0   0]
 [  0  95   1 ...   0   0   0]
 [  0   0  60 ...   0   0   0]
 ...
 [  0   0   0 ... 150   0   0]
 [  0   0   0 ...   0  80   0]
 [  0   0   0 ...   0   0  74]]